CYLINDER						
a (deg)	CL	CD	CM	CL	CD	CM
-180.00	0.000	0.600	0.000	0.000	0.600	0.000
-179.00	0.000	0.600	0.000	0.000	0.600	0.000
-178.00	0.000	0.600	0.000	0.000	0.600	0.000
-177.00	0.000	0.600	0.000	0.000	0.600	0.000
-176.00	0.000	0.600	0.000	0.000	0.600	0.000
-175.00	0.000	0.600	0.000	0.000	0.600	0.000
-174.00	0.000	0.600	0.000	0.000	0.600	0.000
-173.00	0.000	0.600	0.000	0.000	0.600	0.000
-172.00	0.000	0.600	0.000	0.000	0.600	0.000
-170.00	0.000	0.600	0.000	0.000	0.600	0.000
-169.00	0.000	0.600	0.000	0.000	0.600	0.000
-168.00	0.000	0.600	0.000	0.000	0.600	0.000
-167.00	0.000	0.600	0.000	0.000	0.600	0.000
-166.00	0.000	0.600	0.000	0.000	0.600	0.000
-165.00	0.000	0.600	0.000	0.000	0.600	0.000
-164.00	0.000	0.600	0.000	0.000	0.600	0.000
-163.00	0.000	0.600	0.000	0.000	0.600	0.000
-162.00	0.000	0.600	0.000	0.000	0.600	0.000
-161.00	0.000	0.600	0.000	0.000	0.600	0.000
-160.00	0.000	0.600	0.000	0.000	0.600	0.000
-159.00	0.000	0.600	0.000	0.000	0.600	0.000
-158.00	0.000	0.600	0.000	0.000	0.600	0.000
-156.00	0.000	0.600	0.000	0.000	0.600	0.000
-154.00	0.000	0.600	0.000	0.000	0.600	0.000
-152.00	0.000	0.600	0.000	0.000	0.600	0.000
-150.00	0.000	0.600	0.000	0.000	0.600	0.000
-148.00	0.000	0.600	0.000	0.000	0.600	0.000
-146.00	0.000	0.600	0.000	0.000	0.600	0.000
-144.00	0.000	0.600	0.000	0.000	0.600	0.000
-142.00	0.000	0.600	0.000	0.000	0.600	0.000
-140.00	0.000	0.600	0.000	0.000	0.600	0.000
-136.00	0.000	0.600	0.000	0.000	0.600	0.000
-132.00	0.000	0.600	0.000	0.000	0.600	0.000
-128.00	0.000	0.600	0.000	0.000	0.600	0.000
-124.00	0.000	0.600	0.000	0.000	0.600	0.000
-120.00	0.000	0.600	0.000	0.000	0.600	0.000
-116.00	0.000	0.600	0.000	0.000	0.600	0.000
-108.00	0.000	0.600	0.000	0.000	0.600	0.000
-100.00	0.000	0.600	0.000	0.000	0.600	0.000
-92.00	0.000	0.600	0.000	0.000	0.600	0.000
-84.00	0.000	0.600	0.000	0.000	0.600	0.000
-80.00	0.000	0.600	0.000	0.000	0.600	0.000
-76.00	0.000	0.600	0.000	0.000	0.600	0.000
-72.00	0.000	0.600	0.000	0.000	0.600	0.000
-68.00	0.000	0.600	0.000	0.000	0.600	0.000
-64.00	0.000	0.600	0.000	0.000	0.600	0.000
-60.00	0.000	0.600	0.000	0.000	0.600	0.000
-56.00	0.000	0.600	0.000	0.000	0.600	0.000
-52.00	0.000	0.600	0.000	0.000	0.600	0.000
-48.00	0.000	0.600	0.000	0.000	0.600	0.000
-44.00	0.000	0.600	0.000	0.000	0.600	0.000
-40.00	0.000	0.600	0.000	0.000	0.600	0.000
-38.00	0.000	0.600	0.000	0.000	0.600	0.000
-36.00	0.000	0.600	0.000	0.000	0.600	0.000
-34.00	0.000	0.600	0.000	0.000	0.600	0.000
-32.00	0.000	0.600	0.000	0.000	0.600	0.000
-30.00	0.000	0.600	0.000	0.000	0.600	0.000
-28.00	0.000	0.600	0.000	0.000	0.600	0.000
-26.00	0.000	0.600	0.000	0.000	0.600	0.000
-24.00	0.000	0.600	0.000	0.000	0.600	0.000
-23.00	0.000	0.600	0.000	0.000	0.600	0.000
-20.00	0.000	0.600	0.000	0.000	0.600	0.000
-19.50	0.000	0.600	0.000	0.000	0.600	0.000
-19.00	0.000	0.600	0.000	0.000	0.600	0.000
-18.50	0.000	0.600	0.000	0.000	0.600	0.000
-18.00	0.000	0.600	0.000	0.000	0.600	0.000
-17.50	0.000	0.600	0.000	0.000	0.600	0.000
-17.00	0.000	0.600	0.000	0.000	0.600	0.000
-16.50	0.000	0.600	0.000	0.000	0.600	0.000
-16.00	0.000	0.600	0.000	0.000	0.600	0.000
-15.50	0.000	0.600	0.000	0.000	0.600	0.000
-15.00	0.000	0.600	0.000	0.000	0.600	0.000
-14.50	0.000	0.600	0.000	0.000	0.600	0.000
-14.00	0.000	0.600	0.000	0.000	0.600	0.000
-13.50	0.000	0.600	0.000	0.000	0.600	0.000
-13.00	0.000	0.600	0.000	0.000	0.600	0.000
-12.50	0.000	0.600	0.000	0.000	0.600	0.000
-12.00	0.000	0.600	0.000	0.000	0.600	0.000
-11.50	0.000	0.600	0.000	0.000	0.600	0.000
-11.00	0.000	0.600	0.000	0.000	0.600	0.000
-10.50	0.000	0.600	0.000	0.000	0.600	0.000
-10.00	0.000	0.600	0.000	0.000	0.600	0.000
-9.00	0.000	0.600	0.000	0.000	0.600	0.000
-8.00	0.000	0.600	0.000	0.000	0.600	0.000
-7.00	0.000	0.600	0.000	0.000	0.600	0.000
-6.00	0.000	0.600	0.000	0.000	0.600	0.000
-5.00	0.000	0.600	0.000	0.000	0.600	0.000
-4.00	0.000	0.600	0.000	0.000	0.600	0.000
-3.00	0.000	0.600	0.000	0.000	0.600	0.000
-2.00	0.000	0.600	0.000	0.000	0.600	0.000
-1.00	0.000	0.600	0.000	0.000	0.600	0.000
0.00	0.000	0.600	0.000	0.000	0.600	0.000
1.00	0.000	0.600	0.000	0.000	0.600	0.000
2.00	0.000	0.600	0.000	0.000	0.600	0.000
3.00	0.000	0.600	0.000	0.000	0.600	0.000
4.00	0.000	0.600	0.000	0.000	0.600	0.000
5.00	0.000	0.600	0.000	0.000	0.600	0.000
6.00	0.000	0.600	0.000	0.000	0.600	0.000
7.00	0.000	0.600	0.000	0.000	0.600	0.000
8.00	0.000	0.600	0.000	0.000	0.600	0.000
9.00	0.000	0.600	0.000	0.000	0.600	0.000
10.00	0.000	0.600	0.000	0.000	0.600	0.000
10.50	0.000	0.600	0.000	0.000	0.600	0.000
11.00	0.000	0.600	0.000	0.000	0.600	0.000
11.50	0.000	0.600	0.000	0.000	0.600	0.000
12.00	0.000	0.600	0.000	0.000	0.600	0.000
13.00	0.000	0.600	0.000	0.000	0.600	0.000
13.50	0.000	0.600	0.000	0.000	0.600	0.000
14.00	0.000	0.600	0.000	0.000	0.600	0.000
14.50	0.000	0.600	0.000	0.000	0.600	0.000
15.00	0.000	0.600	0.000	0.000	0.600	0.000
15.50	0.000	0.600	0.000	0.000	0.600	0.000
16.50	0.000	0.600	0.000	0.000	0.600	0.000
17.00	0.000	0.600	0.000	0.000	0.600	0.000
17.50	0.000	0.600	0.000	0.000	0.600	0.000
18.00	0.000	0.600	0.000	0.000	0.600	0.000
18.50	0.000	0.600	0.000	0.000	0.600	0.000
19.00	0.000	0.600	0.000	0.000	0.600	0.000
19.50	0.000	0.600	0.000	0.000	0.600	0.000
20.00	0.000	0.600	0.000	0.000	0.600	0.000
23.00	0.000	0.600	0.000	0.000	0.600	0.000
24.00	0.000	0.600	0.000	0.000	0.600	0.000
26.00	0.000	0.600	0.000	0.000	0.600	0.000
28.00	0.000	0.600	0.000	0.000	0.600	0.000
30.00	0.000	0.600	0.000	0.000	0.600	0.000
32.00	0.000	0.600	0.000	0.000	0.600	0.000
34.00	0.000	0.600	0.000	0.000	0.600	0.000
36.00	0.000	0.600	0.000	0.000	0.600	0.000
38.00	0.000	0.600	0.000	0.000	0.600	0.000
40.00	0.000	0.600	0.000	0.000	0.600	0.000
44.00	0.000	0.600	0.000	0.000	0.600	0.000
48.00	0.000	0.600	0.000	0.000	0.600	0.000
52.00	0.000	0.600	0.000	0.000	0.600	0.000
56.00	0.000	0.600	0.000	0.000	0.600	0.000
60.00	0.000	0.600	0.000	0.000	0.600	0.000
64.00	0.000	0.600	0.000	0.000	0.600	0.000
68.00	0.000	0.600	0.000	0.000	0.600	0.000
72.00	0.000	0.600	0.000	0.000	0.600	0.000
76.00	0.000	0.600	0.000	0.000	0.600	0.000
80.00	0.000	0.600	0.000	0.000	0.600	0.000
84.00	0.000	0.600	0.000	0.000	0.600	0.000
92.00	0.000	0.600	0.000	0.000	0.600	0.000
100.00	0.000	0.600	0.000	0.000	0.600	0.000
108.00	0.000	0.600	0.000	0.000	0.600	0.000
116.00	0.000	0.600	0.000	0.000	0.600	0.000
120.00	0.000	0.600	0.000	0.000	0.600	0.000
124.00	0.000	0.600	0.000	0.000	0.600	0.000
128.00	0.000	0.600	0.000	0.000	0.600	0.000
132.00	0.000	0.600	0.000	0.000	0.600	0.000
136.00	0.000	0.600	0.000	0.000	0.600	0.000
140.00	0.000	0.600	0.000	0.000	0.600	0.000
144.00	0.000	0.600	0.000	0.000	0.600	0.000
148.00	0.000	0.600	0.000	0.000	0.600	0.000
150.00	0.000	0.600	0.000	0.000	0.600	0.000
152.00	0.000	0.600	0.000	0.000	0.600	0.000
154.00	0.000	0.600	0.000	0.000	0.600	0.000
156.00	0.000	0.600	0.000	0.000	0.600	0.000
158.00	0.000	0.600	0.000	0.000	0.600	0.000
159.00	0.000	0.600	0.000	0.000	0.600	0.000
160.00	0.000	0.600	0.000	0.000	0.600	0.000
161.00	0.000	0.600	0.000	0.000	0.600	0.000
162.00	0.000	0.600	0.000	0.000	0.600	0.000
163.00	0.000	0.600	0.000	0.000	0.600	0.000
164.00	0.000	0.600	0.000	0.000	0.600	0.000
165.00	0.000	0.600	0.000	0.000	0.600	0.000
166.00	0.000	0.600	0.000	0.000	0.600	0.000
167.00	0.000	0.600	0.000	0.000	0.600	0.000
168.00	0.000	0.600	0.000	0.000	0.600	0.000
169.00	0.000	0.600	0.000	0.000	0.600	0.000
170.00	0.000	0.600	0.000	0.000	0.600	0.000
172.00	0.000	0.600	0.000	0.000	0.600	0.000
173.00	0.000	0.600	0.000	0.000	0.600	0.000
174.00	0.000	0.600	0.000	0.000	0.600	0.000
175.00	0.000	0.600	0.000	0.000	0.600	0.000
176.00	0.000	0.600	0.000	0.000	0.600	0.000
177.00	0.000	0.600	0.000	0.000	0.600	0.000
178.00	0.000	0.600	0.000	0.000	0.600	0.000
179.00	0.000	0.600	0.000	0.000	0.600	0.000
180.00	0.000	0.600	0.000	0.000	0.600	0.000
						
						
t/c=0.60						
a (deg)	CL	CD	CM	CL	CD	CM
-180.00	0.000	0.000	0.000	0.000	0.000	0.000
-175.00	0.174	0.010	0.022	0.174	0.010	0.022
-170.00	0.342	0.039	0.043	0.342	0.039	0.043
-165.00	0.500	0.087	0.065	0.500	0.087	0.065
-160.00	0.643	0.152	0.086	0.643	0.152	0.086
-155.00	0.766	0.232	0.106	0.766	0.232	0.106
-150.00	0.866	0.325	0.125	0.866	0.325	0.125
-145.00	0.940	0.428	0.143	0.940	0.428	0.143
-140.00	0.985	0.537	0.161	0.985	0.537	0.161
-135.00	1.000	0.650	0.177	1.000	0.650	0.177
-130.00	0.985	0.763	0.192	0.985	0.763	0.192
-125.00	0.940	0.872	0.205	0.940	0.872	0.205
-120.00	0.866	0.975	0.217	0.866	0.975	0.217
-115.00	0.766	1.068	0.227	0.766	1.068	0.227
-110.00	0.643	1.148	0.235	0.643	1.148	0.235
-105.00	0.500	1.213	0.242	0.500	1.213	0.242
-100.00	0.342	1.261	0.246	0.342	1.261	0.246
-95.00	0.174	1.290	0.249	0.174	1.290	0.249
-90.00	0.000	1.300	0.250	0.000	1.300	0.250
-85.00	-0.174	1.290	0.249	-0.174	1.290	0.249
-80.00	-0.342	1.261	0.246	-0.342	1.261	0.246
-75.00	-0.500	1.213	0.242	-0.500	1.213	0.242
-70.00	-0.643	1.148	0.235	-0.643	1.148	0.235
-65.00	-0.766	1.068	0.227	-0.766	1.068	0.227
-60.00	-0.866	0.975	0.217	-0.866	0.975	0.217
-55.00	-0.940	0.872	0.198	-0.940	0.872	0.198
-50.00	-0.985	0.763	0.178	-0.985	0.763	0.178
-45.00	-1.000	0.650	0.149	-1.000	0.650	0.149
-40.00	-0.952	0.528	0.118	-0.952	0.528	0.118
-39.00	-0.904	0.503	0.108	-0.904	0.503	0.108
-38.00	-0.826	0.467	0.091	-0.826	0.467	0.091
-37.00	-0.719	0.435	0.081	-0.719	0.435	0.081
-36.00	-0.621	0.399	0.067	-0.621	0.399	0.067
-35.00	-0.523	0.363	0.060	-0.523	0.363	0.060
-34.00	-0.445	0.328	0.052	-0.445	0.328	0.052
-33.00	-0.348	0.301	0.045	-0.348	0.301	0.045
-32.00	-0.257	0.273	0.047	-0.257	0.273	0.047
-30.00	-0.157	0.233	0.061	-0.157	0.233	0.061
-28.00	-0.078	0.203	0.074	-0.078	0.203	0.074
-26.00	0.012	0.186	0.087	0.012	0.186	0.087
-24.00	0.101	0.168	0.101	0.101	0.168	0.101
-22.00	0.196	0.153	0.113	0.196	0.153	0.113
-20.00	0.292	0.137	0.126	0.292	0.137	0.126
-18.00	0.393	0.124	0.137	0.393	0.124	0.137
-16.00	0.495	0.111	0.148	0.495	0.111	0.148
-14.00	0.600	0.101	0.157	0.600	0.101	0.157
-12.00	0.706	0.091	0.166	0.706	0.091	0.166
-10.00	0.788	0.084	0.168	0.788	0.084	0.168
-8.00	0.870	0.077	0.169	0.870	0.077	0.169
-6.00	0.836	0.075	-0.147	0.836	0.075	-0.147
-4.00	0.816	0.073	-0.126	0.816	0.073	-0.126
-2.00	0.660	0.076	-0.088	0.660	0.076	-0.088
0.00	0.520	0.078	-0.051	0.520	0.078	-0.051
2.00	0.264	0.078	-0.001	0.264	0.078	-0.001
4.00	-0.091	0.071	0.070	-0.091	0.071	0.070
6.00	0.166	0.075	0.020	0.166	0.075	0.020
8.00	0.448	0.086	-0.027	0.448	0.086	-0.027
10.00	0.707	0.100	-0.067	0.707	0.100	-0.067
12.00	0.954	0.111	-0.103	0.954	0.111	-0.103
14.00	1.189	0.121	-0.137	1.189	0.121	-0.137
16.00	1.418	0.137	-0.169	1.418	0.137	-0.169
18.00	1.639	0.150	-0.199	1.639	0.150	-0.199
20.00	1.822	0.169	-0.225	1.822	0.169	-0.225
22.00	1.984	0.207	-0.251	1.984	0.207	-0.251
24.00	2.099	0.309	-0.275	2.099	0.309	-0.275
26.00	2.190	0.434	-0.297	2.190	0.434	-0.297
28.00	2.254	0.551	-0.317	2.254	0.551	-0.317
30.00	2.273	0.673	-0.334	2.273	0.673	-0.334
32.00	2.274	0.776	-0.349	2.274	0.776	-0.349
33.00	2.278	0.821	-0.347	2.278	0.821	-0.347
34.00	2.266	0.855	-0.348	2.266	0.855	-0.348
35.00	2.241	0.886	-0.349	2.241	0.886	-0.349
36.00	2.233	0.914	-0.343	2.233	0.914	-0.343
37.00	2.213	0.939	-0.337	2.213	0.939	-0.337
38.00	2.182	0.971	-0.331	2.182	0.971	-0.331
39.00	2.139	1.000	-0.324	2.139	1.000	-0.324
40.00	2.095	1.025	-0.318	2.095	1.025	-0.318
45.00	1.837	1.142	-0.300	1.837	1.142	-0.300
50.00	1.516	1.162	-0.291	1.516	1.162	-0.291
55.00	1.201	1.166	-0.282	1.201	1.166	-0.282
60.00	0.966	1.175	-0.274	0.966	1.175	-0.274
65.00	0.766	1.178	-0.264	0.766	1.178	-0.264
70.00	0.643	1.198	-0.255	0.643	1.198	-0.255
75.00	0.500	1.213	-0.252	0.500	1.213	-0.252
80.00	0.342	1.261	-0.246	0.342	1.261	-0.246
85.00	0.174	1.290	-0.249	0.174	1.290	-0.249
90.00	0.000	1.300	-0.250	0.000	1.300	-0.250
95.00	-0.174	1.290	-0.249	-0.174	1.290	-0.249
100.00	-0.342	1.261	-0.246	-0.342	1.261	-0.246
105.00	-0.500	1.213	-0.242	-0.500	1.213	-0.242
110.00	-0.643	1.148	-0.235	-0.643	1.148	-0.235
115.00	-0.766	1.068	-0.227	-0.766	1.068	-0.227
120.00	-0.866	0.975	-0.217	-0.866	0.975	-0.217
125.00	-0.940	0.872	-0.205	-0.940	0.872	-0.205
130.00	-0.985	0.763	-0.192	-0.985	0.763	-0.192
135.00	-1.000	0.650	-0.177	-1.000	0.650	-0.177
140.00	-0.985	0.537	-0.161	-0.985	0.537	-0.161
145.00	-0.940	0.428	-0.143	-0.940	0.428	-0.143
150.00	-0.866	0.325	-0.125	-0.866	0.325	-0.125
155.00	-0.766	0.232	-0.106	-0.766	0.232	-0.106
160.00	-0.643	0.152	-0.086	-0.643	0.152	-0.086
165.00	-0.500	0.087	-0.065	-0.500	0.087	-0.065
170.00	-0.342	0.039	-0.043	-0.342	0.039	-0.043
175.00	-0.174	0.010	-0.022	-0.174	0.010	-0.022
180.00	0.000	0.000	0.000	0.000	0.000	0.000
						
						
t/c=0.48						
a (deg)	CL	CD	CM	CL	CD	CM
-180.00	0.000	0.000	0.000	0.000	0.000	0.000
-175.00	0.174	0.010	0.022	0.174	0.010	0.022
-170.00	0.342	0.039	0.043	0.342	0.039	0.043
-165.00	0.500	0.087	0.065	0.500	0.087	0.065
-160.00	0.643	0.152	0.086	0.643	0.152	0.086
-155.00	0.766	0.232	0.106	0.766	0.232	0.106
-150.00	0.866	0.325	0.125	0.866	0.325	0.125
-145.00	0.940	0.428	0.143	0.940	0.428	0.143
-140.00	0.985	0.537	0.161	0.985	0.537	0.161
-135.00	1.000	0.650	0.177	1.000	0.650	0.177
-130.00	0.985	0.763	0.192	0.985	0.763	0.192
-125.00	0.940	0.872	0.205	0.940	0.872	0.205
-120.00	0.866	0.975	0.217	0.866	0.975	0.217
-115.00	0.766	1.068	0.227	0.766	1.068	0.227
-110.00	0.643	1.148	0.235	0.643	1.148	0.235
-105.00	0.500	1.213	0.242	0.500	1.213	0.242
-100.00	0.342	1.261	0.246	0.342	1.261	0.246
-95.00	0.174	1.290	0.249	0.174	1.290	0.249
-90.00	0.000	1.300	0.250	0.000	1.300	0.250
-85.00	-0.174	1.290	0.249	-0.174	1.290	0.249
-80.00	-0.342	1.261	0.246	-0.342	1.261	0.246
-75.00	-0.500	1.213	0.242	-0.500	1.213	0.242
-70.00	-0.643	1.148	0.235	-0.643	1.148	0.235
-65.00	-0.766	1.068	0.227	-0.766	1.068	0.227
-60.00	-0.866	0.975	0.217	-0.866	0.975	0.217
-55.00	-0.940	0.872	0.198	-0.940	0.872	0.198
-50.00	-0.985	0.763	0.178	-0.985	0.763	0.178
-45.00	-1.000	0.650	0.156	-1.000	0.650	0.156
-40.00	-0.982	0.535	0.125	-0.982	0.535	0.125
-39.00	-0.954	0.514	0.111	-0.954	0.514	0.111
-38.00	-0.926	0.485	0.097	-0.926	0.485	0.097
-37.00	-0.889	0.457	0.083	-0.889	0.457	0.083
-36.00	-0.851	0.428	0.066	-0.851	0.428	0.066
-35.00	-0.823	0.392	0.059	-0.823	0.392	0.059
-34.00	-0.785	0.364	0.048	-0.785	0.364	0.048
-33.00	-0.748	0.338	0.038	-0.748	0.338	0.038
-32.00	-0.701	0.312	0.031	-0.701	0.312	0.031
-30.00	-0.621	0.266	0.020	-0.621	0.266	0.020
-28.00	-0.541	0.240	0.009	-0.541	0.240	0.009
-26.00	-0.469	0.217	-0.001	-0.469	0.217	-0.001
-24.00	-0.388	0.194	-0.011	-0.388	0.194	-0.011
-22.00	-0.316	0.173	-0.020	-0.316	0.173	-0.020
-20.00	-0.244	0.153	-0.029	-0.244	0.153	-0.029
-18.00	-0.164	0.136	-0.037	-0.164	0.136	-0.037
-16.00	-0.084	0.118	-0.045	-0.084	0.118	-0.045
-14.00	0.002	0.104	-0.051	0.002	0.104	-0.051
-12.00	0.088	0.089	-0.057	0.088	0.089	-0.057
-10.00	0.172	0.077	-0.060	0.172	0.077	-0.060
-8.00	0.256	0.066	-0.064	0.256	0.066	-0.064
-6.00	0.318	0.056	-0.061	0.318	0.056	-0.061
-4.00	0.380	0.047	-0.057	0.380	0.047	-0.057
-2.00	0.357	0.041	-0.035	0.357	0.041	-0.035
0.00	0.335	0.034	-0.013	0.335	0.034	-0.013
2.00	0.565	0.032	-0.049	0.565	0.032	-0.049
4.00	0.877	0.034	-0.089	0.877	0.034	-0.089
6.00	1.043	0.045	-0.112	1.043	0.045	-0.112
8.00	0.949	0.070	-0.121	0.949	0.070	-0.121
10.00	0.909	0.089	-0.138	0.909	0.089	-0.138
12.00	0.976	0.099	-0.159	0.976	0.099	-0.159
14.00	1.113	0.107	-0.182	1.113	0.107	-0.182
16.00	1.307	0.116	-0.207	1.307	0.116	-0.207
18.00	1.541	0.132	-0.232	1.541	0.132	-0.232
20.00	1.805	0.157	-0.257	1.805	0.157	-0.257
22.00	2.002	0.276	-0.281	2.002	0.276	-0.281
24.00	2.122	0.422	-0.306	2.122	0.422	-0.306
26.00	2.192	0.561	-0.329	2.192	0.561	-0.329
28.00	2.229	0.686	-0.352	2.229	0.686	-0.352
30.00	2.232	0.796	-0.371	2.232	0.796	-0.371
32.00	2.219	0.892	-0.388	2.219	0.892	-0.388
33.00	2.209	0.923	-0.385	2.209	0.923	-0.385
34.00	2.193	0.947	-0.381	2.193	0.947	-0.381
35.00	2.163	0.966	-0.375	2.163	0.966	-0.375
36.00	2.131	0.989	-0.369	2.131	0.989	-0.369
37.00	2.088	1.007	-0.363	2.088	1.007	-0.363
38.00	2.044	1.028	-0.357	2.044	1.028	-0.357
39.00	1.998	1.052	-0.350	1.998	1.052	-0.350
40.00	1.942	1.077	-0.344	1.942	1.077	-0.344
45.00	1.678	1.170	-0.323	1.678	1.170	-0.323
50.00	1.286	1.197	-0.304	1.286	1.197	-0.304
55.00	1.031	1.196	-0.295	1.031	1.196	-0.295
60.00	0.866	1.190	-0.287	0.866	1.190	-0.287
65.00	0.766	1.193	-0.277	0.766	1.193	-0.277
70.00	0.643	1.203	-0.265	0.643	1.203	-0.265
75.00	0.500	1.213	-0.252	0.500	1.213	-0.252
80.00	0.342	1.261	-0.246	0.342	1.261	-0.246
85.00	0.174	1.290	-0.249	0.174	1.290	-0.249
90.00	0.000	1.300	-0.250	0.000	1.300	-0.250
95.00	-0.174	1.290	-0.249	-0.174	1.290	-0.249
100.00	-0.342	1.261	-0.246	-0.342	1.261	-0.246
105.00	-0.500	1.213	-0.242	-0.500	1.213	-0.242
110.00	-0.643	1.148	-0.235	-0.643	1.148	-0.235
115.00	-0.766	1.068	-0.227	-0.766	1.068	-0.227
120.00	-0.866	0.975	-0.217	-0.866	0.975	-0.217
125.00	-0.940	0.872	-0.205	-0.940	0.872	-0.205
130.00	-0.985	0.763	-0.192	-0.985	0.763	-0.192
135.00	-1.000	0.650	-0.177	-1.000	0.650	-0.177
140.00	-0.985	0.537	-0.161	-0.985	0.537	-0.161
145.00	-0.940	0.428	-0.143	-0.940	0.428	-0.143
150.00	-0.866	0.325	-0.125	-0.866	0.325	-0.125
155.00	-0.766	0.232	-0.106	-0.766	0.232	-0.106
160.00	-0.643	0.152	-0.086	-0.643	0.152	-0.086
165.00	-0.500	0.087	-0.065	-0.500	0.087	-0.065
170.00	-0.342	0.039	-0.043	-0.342	0.039	-0.043
175.00	-0.174	0.010	-0.022	-0.174	0.010	-0.022
180.00	0.000	0.000	0.000	0.000	0.000	0.000
						
						
t/c=0.30						
a (deg)	CL	CD	CM	CL	CD	CM
-180.00	0.000	0.000	0.000	0.000	0.000	0.000
-175.00	0.174	0.010	0.022	0.174	0.010	0.022
-170.00	0.342	0.039	0.043	0.342	0.039	0.043
-165.00	0.500	0.087	0.065	0.500	0.087	0.065
-160.00	0.643	0.152	0.086	0.643	0.152	0.086
-155.00	0.766	0.232	0.106	0.766	0.232	0.106
-150.00	0.866	0.325	0.125	0.866	0.325	0.125
-145.00	0.940	0.428	0.143	0.940	0.428	0.143
-140.00	0.985	0.537	0.161	0.985	0.537	0.161
-135.00	1.000	0.650	0.177	1.000	0.650	0.177
-130.00	0.985	0.763	0.192	0.985	0.763	0.192
-125.00	0.940	0.872	0.205	0.940	0.872	0.205
-120.00	0.866	0.975	0.217	0.866	0.975	0.217
-115.00	0.766	1.068	0.227	0.766	1.068	0.227
-110.00	0.643	1.148	0.235	0.643	1.148	0.235
-105.00	0.500	1.213	0.242	0.500	1.213	0.242
-100.00	0.342	1.261	0.246	0.342	1.261	0.246
-95.00	0.174	1.290	0.249	0.174	1.290	0.249
-90.00	0.000	1.300	0.250	0.000	1.300	0.250
-85.00	-0.174	1.290	0.249	-0.174	1.290	0.249
-80.00	-0.342	1.261	0.246	-0.342	1.261	0.246
-75.00	-0.500	1.213	0.242	-0.500	1.213	0.242
-70.00	-0.643	1.148	0.235	-0.643	1.148	0.235
-65.00	-0.766	1.068	0.227	-0.766	1.068	0.227
-60.00	-0.866	0.975	0.217	-0.866	0.975	0.217
-55.00	-0.940	0.872	0.205	-0.940	0.872	0.205
-50.00	-0.985	0.763	0.192	-0.985	0.763	0.192
-45.00	-1.000	0.650	0.177	-1.000	0.650	0.177
-40.00	-1.022	0.535	0.142	-1.022	0.535	0.142
-39.00	-1.024	0.507	0.135	-1.024	0.507	0.135
-38.00	-1.016	0.485	0.128	-1.016	0.485	0.128
-37.00	-1.019	0.457	0.121	-1.019	0.457	0.121
-36.00	-1.011	0.428	0.114	-1.011	0.428	0.114
-35.00	-1.003	0.399	0.097	-1.003	0.399	0.097
-34.00	-0.995	0.371	0.079	-0.995	0.371	0.079
-33.00	-0.988	0.335	0.062	-0.988	0.335	0.062
-32.00	-0.984	0.310	0.052	-0.984	0.310	0.052
-30.00	-0.970	0.266	0.039	-0.970	0.266	0.039
-28.00	-0.967	0.223	0.026	-0.967	0.223	0.026
-26.00	-0.944	0.194	0.015	-0.944	0.194	0.015
-24.00	-0.931	0.165	0.005	-0.931	0.165	0.005
-22.00	-0.905	0.142	-0.004	-0.905	0.142	-0.004
-20.00	-0.878	0.118	-0.012	-0.878	0.118	-0.012
-18.00	-0.846	0.099	-0.018	-0.846	0.099	-0.018
-16.00	-0.813	0.079	-0.023	-0.813	0.079	-0.023
-14.00	-0.773	0.064	-0.024	-0.773	0.064	-0.024
-12.00	-0.732	0.050	-0.024	-0.732	0.050	-0.024
-10.00	-0.694	0.038	-0.023	-0.694	0.038	-0.023
-8.00	-0.655	0.027	-0.021	-0.655	0.027	-0.021
-6.00	-0.451	0.020	-0.039	-0.451	0.020	-0.039
-4.00	-0.247	0.014	-0.057	-0.247	0.014	-0.057
-2.00	0.030	0.013	-0.072	0.030	0.013	-0.072
0.00	0.306	0.012	-0.087	0.306	0.012	-0.087
2.00	0.567	0.012	-0.095	0.567	0.012	-0.095
4.00	0.820	0.013	-0.102	0.820	0.013	-0.102
6.00	1.061	0.014	-0.107	1.061	0.014	-0.107
8.00	1.287	0.015	-0.109	1.287	0.015	-0.109
10.00	1.484	0.018	-0.108	1.484	0.018	-0.108
12.00	1.639	0.022	-0.103	1.639	0.022	-0.103
14.00	1.733	0.030	-0.095	1.733	0.030	-0.095
16.00	1.714	0.054	-0.091	1.714	0.054	-0.091
18.00	1.683	0.095	-0.098	1.683	0.095	-0.098
20.00	1.657	0.144	-0.110	1.657	0.144	-0.110
22.00	1.644	0.228	-0.130	1.644	0.228	-0.130
24.00	1.633	0.315	-0.153	1.633	0.315	-0.153
26.00	1.633	0.393	-0.176	1.633	0.393	-0.176
28.00	1.618	0.462	-0.197	1.618	0.462	-0.197
30.00	1.598	0.527	-0.215	1.598	0.527	-0.215
32.00	1.571	0.586	-0.231	1.571	0.586	-0.231
33.00	1.576	0.622	-0.237	1.576	0.622	-0.237
34.00	1.557	0.656	-0.241	1.557	0.656	-0.241
35.00	1.548	0.690	-0.245	1.548	0.690	-0.245
36.00	1.527	0.715	-0.249	1.527	0.715	-0.249
37.00	1.526	0.746	-0.250	1.526	0.746	-0.250
38.00	1.514	0.776	-0.246	1.514	0.776	-0.246
39.00	1.492	0.798	-0.244	1.492	0.798	-0.244
40.00	1.460	0.820	-0.242	1.460	0.820	-0.242
45.00	1.295	0.912	-0.237	1.295	0.912	-0.237
50.00	1.126	0.967	-0.235	1.126	0.967	-0.235
55.00	0.981	0.996	-0.232	0.981	0.996	-0.232
60.00	0.866	1.035	-0.234	0.866	1.035	-0.234
65.00	0.766	1.083	-0.234	0.766	1.083	-0.234
70.00	0.643	1.148	-0.235	0.643	1.148	-0.235
75.00	0.500	1.213	-0.242	0.500	1.213	-0.242
80.00	0.342	1.261	-0.246	0.342	1.261	-0.246
85.00	0.174	1.290	-0.249	0.174	1.290	-0.249
90.00	0.000	1.300	-0.250	0.000	1.300	-0.250
95.00	-0.174	1.290	-0.249	-0.174	1.290	-0.249
100.00	-0.342	1.261	-0.246	-0.342	1.261	-0.246
105.00	-0.500	1.213	-0.242	-0.500	1.213	-0.242
110.00	-0.643	1.148	-0.235	-0.643	1.148	-0.235
115.00	-0.766	1.068	-0.227	-0.766	1.068	-0.227
120.00	-0.866	0.975	-0.217	-0.866	0.975	-0.217
125.00	-0.940	0.872	-0.205	-0.940	0.872	-0.205
130.00	-0.985	0.763	-0.192	-0.985	0.763	-0.192
135.00	-1.000	0.650	-0.177	-1.000	0.650	-0.177
140.00	-0.985	0.537	-0.161	-0.985	0.537	-0.161
145.00	-0.940	0.428	-0.143	-0.940	0.428	-0.143
150.00	-0.866	0.325	-0.125	-0.866	0.325	-0.125
155.00	-0.766	0.232	-0.106	-0.766	0.232	-0.106
160.00	-0.643	0.152	-0.086	-0.643	0.152	-0.086
165.00	-0.500	0.087	-0.065	-0.500	0.087	-0.065
170.00	-0.342	0.039	-0.043	-0.342	0.039	-0.043
175.00	-0.174	0.010	-0.022	-0.174	0.010	-0.022
180.00	0.000	0.000	0.000	0.000	0.000	0.000
						
						
t/c=0.27						
a (deg)	CL	CD	CM	CL	CD	CM
-180.00	0.000	0.020	0.000	0.000	0.020	0.000
-175.00	0.600	0.030	0.000	0.600	0.030	0.000
-170.00	0.800	0.050	0.000	0.800	0.050	0.000
-165.00	1.020	0.100	0.000	1.020	0.100	0.000
-160.00	1.150	0.200	0.000	1.150	0.200	0.000
-155.00	1.180	0.350	0.000	1.180	0.350	0.000
-150.00	1.200	0.550	0.000	1.200	0.550	0.000
-130.00	1.050	0.980	0.000	1.050	0.980	0.000
-110.00	0.560	1.225	0.000	0.560	1.225	0.000
-90.00	0.000	1.300	0.000	0.000	1.300	0.000
-80.00	-0.310	1.280	0.000	-0.310	1.280	0.000
-60.00	-0.830	1.095	0.000	-0.830	1.095	0.000
-32.68	-1.208	0.484	0.000	-1.208	0.484	0.000
-28.94	-1.213	0.387	0.000	-1.213	0.387	0.000
-25.20	-1.216	0.291	0.000	-1.216	0.291	0.000
-21.46	-1.216	0.194	0.000	-1.216	0.194	0.000
-17.71	-1.164	0.122	0.000	-1.164	0.122	0.000
-13.97	-0.905	0.074	0.000	-0.905	0.074	0.000
-10.23	-0.546	0.034	0.000	-0.546	0.034	0.000
-6.49	-0.187	0.019	0.000	-0.187	0.019	0.000
-2.74	0.172	0.014	0.000	0.172	0.014	0.000
1.00	0.531	0.012	0.000	0.531	0.012	0.000
4.00	0.818	0.015	0.000	0.818	0.015	0.000
6.00	0.987	0.018	0.000	0.987	0.018	0.000
8.00	1.126	0.023	0.000	1.126	0.023	0.000
10.00	1.198	0.032	0.000	1.198	0.032	0.000
11.00	1.219	0.040	0.000	1.219	0.040	0.000
12.00	1.238	0.049	0.000	1.238	0.049	0.000
12.50	1.240	0.056	0.000	1.240	0.056	0.000
13.00	1.242	0.062	0.000	1.242	0.062	0.000
13.50	1.252	0.067	0.000	1.252	0.067	0.000
14.00	1.251	0.074	0.000	1.251	0.074	0.000
15.00	1.258	0.087	0.000	1.258	0.087	0.000
16.00	1.264	0.098	0.000	1.264	0.098	0.000
17.00	1.269	0.112	0.000	1.269	0.112	0.000
18.00	1.273	0.127	0.000	1.273	0.127	0.000
18.50	1.280	0.133	0.000	1.280	0.133	0.000
18.60	1.280	0.135	0.000	1.280	0.135	0.000
19.00	1.272	0.143	0.000	1.272	0.143	0.000
20.00	1.266	0.162	0.000	1.266	0.162	0.000
20.50	1.269	0.170	0.000	1.269	0.170	0.000
21.00	1.253	0.182	0.000	1.253	0.182	0.000
24.22	1.129	0.266	0.000	1.129	0.266	0.000
27.44	1.058	0.349	0.000	1.058	0.349	0.000
30.67	1.017	0.432	0.000	1.017	0.432	0.000
33.89	0.993	0.515	0.000	0.993	0.515	0.000
37.11	0.980	0.598	0.000	0.980	0.598	0.000
40.33	0.976	0.681	0.000	0.976	0.681	0.000
43.56	0.977	0.764	0.000	0.977	0.764	0.000
46.78	0.976	0.847	0.000	0.976	0.847	0.000
50.00	0.967	0.930	0.000	0.967	0.930	0.000
60.00	0.830	1.095	0.000	0.830	1.095	0.000
70.00	0.570	1.200	0.000	0.570	1.200	0.000
80.00	0.310	1.280	0.000	0.310	1.280	0.000
90.00	0.000	1.300	0.000	0.000	1.300	0.000
100.00	-0.290	1.290	0.000	-0.290	1.290	0.000
120.00	-0.870	1.160	0.000	-0.870	1.160	0.000
140.00	-1.150	0.800	0.000	-1.150	0.800	0.000
150.00	-1.200	0.550	0.000	-1.200	0.550	0.000
155.00	-1.180	0.350	0.000	-1.180	0.350	0.000
160.00	-1.150	0.200	0.000	-1.150	0.200	0.000
165.00	-1.020	0.100	0.000	-1.020	0.100	0.000
170.00	-0.800	0.050	0.000	-0.800	0.050	0.000
175.00	-0.600	0.030	0.000	-0.600	0.030	0.000
180.00	0.000	0.020	0.000	0.000	0.020	0.000
						
						
t/c=0.24						
a (deg)	CL	CD	CM	CL	CD	CM
-180.00	0.000	0.000	0.000	0.000	0.000	0.000
-175.00	0.174	0.011	0.022	0.174	0.011	0.022
-170.00	0.342	0.045	0.043	0.342	0.045	0.043
-165.00	0.500	0.101	0.065	0.500	0.101	0.065
-160.00	0.643	0.176	0.086	0.643	0.176	0.086
-155.00	0.766	0.268	0.106	0.766	0.268	0.106
-150.00	0.866	0.375	0.125	0.866	0.375	0.125
-145.00	0.940	0.494	0.143	0.940	0.494	0.143
-140.00	0.985	0.620	0.161	0.985	0.620	0.161
-135.00	1.000	0.750	0.177	1.000	0.750	0.177
-130.00	0.985	0.880	0.192	0.985	0.880	0.192
-125.00	0.940	1.007	0.205	0.940	1.007	0.205
-120.00	0.866	1.125	0.217	0.866	1.125	0.217
-115.00	0.766	1.232	0.227	0.766	1.232	0.227
-110.00	0.643	1.325	0.235	0.643	1.325	0.235
-105.00	0.500	1.400	0.242	0.500	1.400	0.242
-100.00	0.342	1.455	0.246	0.342	1.455	0.246
-95.00	0.174	1.489	0.249	0.174	1.489	0.249
-90.00	0.000	1.500	0.250	0.000	1.500	0.250
-85.00	-0.174	1.489	0.249	-0.174	1.489	0.249
-80.00	-0.342	1.455	0.246	-0.342	1.455	0.246
-75.00	-0.500	1.400	0.242	-0.500	1.400	0.242
-70.00	-0.643	1.325	0.235	-0.643	1.325	0.235
-65.00	-0.766	1.232	0.227	-0.766	1.232	0.227
-60.00	-0.866	1.125	0.217	-0.866	1.125	0.217
-55.00	-0.940	1.007	0.205	-0.940	1.007	0.205
-50.00	-0.985	0.880	0.192	-0.985	0.880	0.192
-45.00	-1.000	0.750	0.177	-1.000	0.750	0.177
-40.00	-1.032	0.609	0.142	-1.032	0.609	0.142
-39.00	-1.044	0.585	0.135	-1.044	0.585	0.135
-38.00	-1.046	0.552	0.128	-1.046	0.552	0.128
-37.00	-1.049	0.527	0.121	-1.049	0.527	0.121
-36.00	-1.051	0.494	0.114	-1.051	0.494	0.114
-35.00	-1.053	0.461	0.107	-1.053	0.461	0.107
-34.00	-1.055	0.428	0.089	-1.055	0.428	0.089
-33.00	-1.068	0.387	0.082	-1.068	0.387	0.082
-32.00	-1.073	0.335	0.066	-1.073	0.335	0.066
-30.00	-1.092	0.286	0.049	-1.092	0.286	0.049
-28.00	-1.101	0.228	0.031	-1.101	0.228	0.031
-26.00	-1.110	0.175	0.018	-1.110	0.175	0.018
-24.00	-1.129	0.142	0.005	-1.129	0.142	0.005
-22.00	-1.123	0.118	-0.003	-1.123	0.118	-0.003
-20.00	-1.117	0.094	-0.011	-1.117	0.094	-0.011
-18.00	-1.087	0.077	-0.014	-1.087	0.077	-0.014
-16.00	-1.057	0.060	-0.018	-1.057	0.060	-0.018
-14.00	-1.024	0.047	-0.017	-1.024	0.047	-0.017
-12.00	-0.991	0.034	-0.017	-0.991	0.034	-0.017
-10.00	-0.859	0.024	-0.028	-0.859	0.024	-0.028
-8.00	-0.728	0.015	-0.039	-0.728	0.015	-0.039
-6.00	-0.469	0.013	-0.053	-0.469	0.013	-0.053
-4.00	-0.210	0.010	-0.067	-0.210	0.010	-0.067
-2.00	0.043	0.010	-0.074	0.043	0.010	-0.074
0.00	0.296	0.010	-0.082	0.296	0.010	-0.082
2.00	0.544	0.010	-0.087	0.544	0.010	-0.087
4.00	0.787	0.010	-0.092	0.787	0.010	-0.092
6.00	1.023	0.011	-0.096	1.023	0.011	-0.096
8.00	1.247	0.013	-0.098	1.247	0.013	-0.098
10.00	1.458	0.015	-0.098	1.458	0.015	-0.098
12.00	1.642	0.018	-0.095	1.642	0.018	-0.095
14.00	1.782	0.023	-0.089	1.782	0.023	-0.089
16.00	1.817	0.036	-0.082	1.817	0.036	-0.082
18.00	1.776	0.065	-0.079	1.776	0.065	-0.079
20.00	1.661	0.102	-0.085	1.661	0.102	-0.085
22.00	1.566	0.141	-0.096	1.566	0.141	-0.096
24.00	1.479	0.181	-0.107	1.479	0.181	-0.107
26.00	1.410	0.236	-0.122	1.410	0.236	-0.122
28.00	1.340	0.300	-0.136	1.340	0.300	-0.136
30.00	1.296	0.364	-0.152	1.296	0.364	-0.152
32.00	1.241	0.438	-0.168	1.241	0.438	-0.168
33.00	1.211	0.475	-0.177	1.211	0.475	-0.177
34.00	1.183	0.508	-0.181	1.183	0.508	-0.181
35.00	1.164	0.541	-0.185	1.164	0.541	-0.185
36.00	1.135	0.574	-0.189	1.135	0.574	-0.189
37.00	1.117	0.598	-0.193	1.117	0.598	-0.193
38.00	1.098	0.630	-0.197	1.098	0.630	-0.197
39.00	1.079	0.654	-0.200	1.079	0.654	-0.200
40.00	1.060	0.678	-0.204	1.060	0.678	-0.204
45.00	1.004	0.796	-0.213	1.004	0.796	-0.213
50.00	0.976	0.896	-0.218	0.976	0.896	-0.218
55.00	0.921	1.010	-0.221	0.921	1.010	-0.221
60.00	0.866	1.125	-0.226	0.866	1.125	-0.226
65.00	0.766	1.232	-0.231	0.766	1.232	-0.231
70.00	0.643	1.325	-0.235	0.643	1.325	-0.235
75.00	0.500	1.400	-0.242	0.500	1.400	-0.242
80.00	0.342	1.455	-0.246	0.342	1.455	-0.246
85.00	0.174	1.489	-0.249	0.174	1.489	-0.249
90.00	0.000	1.500	-0.250	0.000	1.500	-0.250
95.00	-0.174	1.489	-0.249	-0.174	1.489	-0.249
100.00	-0.342	1.455	-0.246	-0.342	1.455	-0.246
105.00	-0.500	1.400	-0.242	-0.500	1.400	-0.242
110.00	-0.643	1.325	-0.235	-0.643	1.325	-0.235
115.00	-0.766	1.232	-0.227	-0.766	1.232	-0.227
120.00	-0.866	1.125	-0.217	-0.866	1.125	-0.217
125.00	-0.940	1.007	-0.205	-0.940	1.007	-0.205
130.00	-0.985	0.880	-0.192	-0.985	0.880	-0.192
135.00	-1.000	0.750	-0.177	-1.000	0.750	-0.177
140.00	-0.985	0.620	-0.161	-0.985	0.620	-0.161
145.00	-0.940	0.494	-0.143	-0.940	0.494	-0.143
150.00	-0.866	0.375	-0.125	-0.866	0.375	-0.125
155.00	-0.766	0.268	-0.106	-0.766	0.268	-0.106
160.00	-0.643	0.176	-0.086	-0.643	0.176	-0.086
165.00	-0.500	0.101	-0.065	-0.500	0.101	-0.065
170.00	-0.342	0.045	-0.043	-0.342	0.045	-0.043
175.00	-0.174	0.011	-0.022	-0.174	0.011	-0.022
180.00	0.000	0.000	0.000	0.000	0.000	0.000
						
						
t/c=0.21						
a (deg)	CL	CD	CM	CL	CD	CM
-180.00	0.000	0.020	0.000	0.000	0.020	0.000
-175.00	0.600	0.030	0.000	0.600	0.030	0.000
-170.00	0.800	0.050	0.000	0.800	0.050	0.000
-165.00	1.020	0.100	0.000	1.020	0.100	0.000
-160.00	1.150	0.200	0.000	1.150	0.200	0.000
-155.00	1.180	0.350	0.000	1.180	0.350	0.000
-150.00	1.200	0.550	0.000	1.200	0.550	0.000
-130.00	1.050	0.980	0.000	1.050	0.980	0.000
-110.00	0.560	1.225	0.000	0.560	1.225	0.000
-90.00	0.000	1.300	0.000	0.000	1.300	0.000
-80.00	-0.310	1.280	0.000	-0.310	1.280	0.000
-60.00	-0.830	1.095	0.000	-0.830	1.095	0.000
-34.03	-1.410	0.508	0.000	-1.410	0.508	0.000
-30.14	-1.416	0.405	0.000	-1.416	0.405	0.000
-26.25	-1.420	0.302	0.000	-1.420	0.302	0.000
-22.36	-1.417	0.200	0.000	-1.417	0.200	0.000
-18.46	-1.320	0.105	0.000	-1.320	0.105	0.000
-14.57	-0.986	0.048	0.000	-0.986	0.048	0.000
-10.68	-0.585	0.023	0.000	-0.585	0.023	0.000
-6.79	-0.184	0.015	0.000	-0.184	0.015	0.000
-2.89	0.217	0.012	0.000	0.217	0.012	0.000
1.00	0.618	0.010	0.000	0.618	0.010	0.000
4.00	0.927	0.012	0.000	0.927	0.012	0.000
6.00	1.116	0.014	0.000	1.116	0.014	0.000
8.00	1.284	0.017	0.000	1.284	0.017	0.000
10.00	1.427	0.021	0.000	1.427	0.021	0.000
11.00	1.458	0.024	0.000	1.458	0.024	0.000
12.00	1.480	0.028	0.000	1.480	0.028	0.000
12.50	1.486	0.031	0.000	1.486	0.031	0.000
13.00	1.492	0.034	0.000	1.492	0.034	0.000
13.50	1.495	0.037	0.000	1.495	0.037	0.000
14.00	1.495	0.041	0.000	1.495	0.041	0.000
15.00	1.484	0.052	0.000	1.484	0.052	0.000
16.00	1.463	0.065	0.000	1.463	0.065	0.000
17.00	1.450	0.080	0.000	1.450	0.080	0.000
18.00	1.435	0.096	0.000	1.435	0.096	0.000
19.00	1.416	0.116	0.000	1.416	0.116	0.000
20.00	1.394	0.137	0.000	1.394	0.137	0.000
23.33	1.326	0.225	0.000	1.326	0.225	0.000
26.67	1.275	0.313	0.000	1.275	0.313	0.000
30.00	1.237	0.402	0.000	1.237	0.402	0.000
33.33	1.208	0.490	0.000	1.208	0.490	0.000
36.67	1.185	0.578	0.000	1.185	0.578	0.000
40.00	1.159	0.666	0.000	1.159	0.666	0.000
43.33	1.126	0.754	0.000	1.126	0.754	0.000
46.67	1.086	0.842	0.000	1.086	0.842	0.000
50.00	1.037	0.930	0.000	1.037	0.930	0.000
60.00	0.830	1.095	0.000	0.830	1.095	0.000
70.00	0.570	1.200	0.000	0.570	1.200	0.000
80.00	0.310	1.280	0.000	0.310	1.280	0.000
90.00	0.000	1.300	0.000	0.000	1.300	0.000
100.00	-0.290	1.290	0.000	-0.290	1.290	0.000
120.00	-0.870	1.160	0.000	-0.870	1.160	0.000
140.00	-1.150	0.800	0.000	-1.150	0.800	0.000
150.00	-1.200	0.550	0.000	-1.200	0.550	0.000
155.00	-1.180	0.350	0.000	-1.180	0.350	0.000
160.00	-1.150	0.200	0.000	-1.150	0.200	0.000
165.00	-1.020	0.100	0.000	-1.020	0.100	0.000
170.00	-0.800	0.050	0.000	-0.800	0.050	0.000
175.00	-0.600	0.030	0.000	-0.600	0.030	0.000
180.00	0.000	0.020	0.000	0.000	0.020	0.000
						
						
t/c=0.18						
a (deg)	CL	CD	CM	CL	CD	CM
-180.00	0.000	0.020	0.000	0.000	0.020	0.000
-175.00	0.600	0.030	0.000	0.600	0.030	0.000
-170.00	0.800	0.050	0.000	0.800	0.050	0.000
-165.00	1.020	0.100	0.000	1.020	0.100	0.000
-160.00	1.150	0.200	0.000	1.150	0.200	0.000
-155.00	1.180	0.350	0.000	1.180	0.350	0.000
-150.00	1.200	0.550	0.000	1.200	0.550	0.000
-130.00	1.050	0.980	0.000	1.050	0.980	0.000
-110.00	0.560	1.225	0.000	0.560	1.225	0.000
-90.00	0.000	1.300	0.000	0.000	1.300	0.000
-80.00	-0.310	1.280	0.000	-0.310	1.280	0.000
-60.00	-0.830	1.095	0.000	-0.830	1.095	0.000
-33.09	-1.444	0.489	0.000	-1.444	0.489	0.000
-29.30	-1.450	0.390	0.000	-1.450	0.390	0.000
-25.52	-1.454	0.292	0.000	-1.454	0.292	0.000
-21.73	-1.453	0.193	0.000	-1.453	0.193	0.000
-17.94	-1.378	0.095	0.000	-1.378	0.095	0.000
-14.15	-1.060	0.038	0.000	-1.060	0.038	0.000
-10.36	-0.645	0.019	0.000	-0.645	0.019	0.000
-6.58	-0.229	0.013	0.000	-0.229	0.013	0.000
-2.79	0.187	0.010	0.000	0.187	0.010	0.000
1.00	0.602	0.009	0.000	0.602	0.009	0.000
4.00	0.932	0.011	0.000	0.932	0.011	0.000
6.00	1.134	0.013	0.000	1.134	0.013	0.000
8.00	1.313	0.015	0.000	1.313	0.015	0.000
10.00	1.464	0.018	0.000	1.464	0.018	0.000
11.00	1.503	0.021	0.000	1.503	0.021	0.000
12.00	1.527	0.024	0.000	1.527	0.024	0.000
12.50	1.531	0.026	0.000	1.531	0.026	0.000
13.00	1.531	0.029	0.000	1.531	0.029	0.000
13.50	1.531	0.032	0.000	1.531	0.032	0.000
14.00	1.529	0.036	0.000	1.529	0.036	0.000
15.00	1.518	0.047	0.000	1.518	0.047	0.000
16.00	1.492	0.061	0.000	1.492	0.061	0.000
17.00	1.473	0.078	0.000	1.473	0.078	0.000
18.00	1.451	0.096	0.000	1.451	0.096	0.000
19.00	1.427	0.119	0.000	1.427	0.119	0.000
20.00	1.392	0.148	0.000	1.392	0.148	0.000
23.33	1.288	0.235	0.000	1.288	0.235	0.000
26.67	1.229	0.322	0.000	1.229	0.322	0.000
30.00	1.194	0.409	0.000	1.194	0.409	0.000
33.33	1.175	0.495	0.000	1.175	0.495	0.000
36.67	1.162	0.582	0.000	1.162	0.582	0.000
40.00	1.143	0.669	0.000	1.143	0.669	0.000
43.33	1.116	0.756	0.000	1.116	0.756	0.000
46.67	1.080	0.843	0.000	1.080	0.843	0.000
50.00	1.035	0.930	0.000	1.035	0.930	0.000
60.00	0.830	1.095	0.000	0.830	1.095	0.000
70.00	0.570	1.200	0.000	0.570	1.200	0.000
80.00	0.310	1.280	0.000	0.310	1.280	0.000
90.00	0.000	1.300	0.000	0.000	1.300	0.000
100.00	-0.290	1.290	0.000	-0.290	1.290	0.000
120.00	-0.870	1.160	0.000	-0.870	1.160	0.000
140.00	-1.150	0.800	0.000	-1.150	0.800	0.000
150.00	-1.200	0.550	0.000	-1.200	0.550	0.000
155.00	-1.180	0.350	0.000	-1.180	0.350	0.000
160.00	-1.150	0.200	0.000	-1.150	0.200	0.000
165.00	-1.020	0.100	0.000	-1.020	0.100	0.000
170.00	-0.800	0.050	0.000	-0.800	0.050	0.000
175.00	-0.600	0.030	0.000	-0.600	0.030	0.000
180.00	0.000	0.020	0.000	0.000	0.020	0.000

