2       !  NMACHB
0.00  0.80

105     !  NANGB 
-180.00	0.000	0.000	0.000	0.000	0.000	0.000
-175.00	0.174	0.010	0.022	0.174	0.010	0.022
-170.00	0.342	0.039	0.043	0.342	0.039	0.043
-165.00	0.500	0.087	0.065	0.500	0.087	0.065
-160.00	0.643	0.152	0.086	0.643	0.152	0.086
-155.00	0.766	0.232	0.106	0.766	0.232	0.106
-150.00	0.866	0.325	0.125	0.866	0.325	0.125
-145.00	0.940	0.428	0.143	0.940	0.428	0.143
-140.00	0.985	0.537	0.161	0.985	0.537	0.161
-135.00	1.000	0.650	0.177	1.000	0.650	0.177
-130.00	0.985	0.763	0.192	0.985	0.763	0.192
-125.00	0.940	0.872	0.205	0.940	0.872	0.205
-120.00	0.866	0.975	0.217	0.866	0.975	0.217
-115.00	0.766	1.068	0.227	0.766	1.068	0.227
-110.00	0.643	1.148	0.235	0.643	1.148	0.235
-105.00	0.500	1.213	0.242	0.500	1.213	0.242
-100.00	0.342	1.261	0.246	0.342	1.261	0.246
-95.00	0.174	1.290	0.249	0.174	1.290	0.249
-90.00	0.000	1.300	0.250	0.000	1.300	0.250
-85.00	-0.174	1.290	0.249	-0.174	1.290	0.249
-80.00	-0.342	1.261	0.246	-0.342	1.261	0.246
-75.00	-0.500	1.213	0.242	-0.500	1.213	0.242
-70.00	-0.643	1.148	0.235	-0.643	1.148	0.235
-65.00	-0.766	1.068	0.227	-0.766	1.068	0.227
-60.00	-0.866	0.975	0.217	-0.866	0.975	0.217
-55.00	-0.940	0.872	0.198	-0.940	0.872	0.198
-50.00	-0.985	0.763	0.178	-0.985	0.763	0.178
-45.00	-1.000	0.650	0.156	-1.000	0.650	0.156
-40.00	-0.982	0.535	0.125	-0.982	0.535	0.125
-39.00	-0.954	0.514	0.111	-0.954	0.514	0.111
-38.00	-0.926	0.485	0.097	-0.926	0.485	0.097
-37.00	-0.889	0.457	0.083	-0.889	0.457	0.083
-36.00	-0.851	0.428	0.066	-0.851	0.428	0.066
-35.00	-0.823	0.392	0.059	-0.823	0.392	0.059
-34.00	-0.785	0.364	0.048	-0.785	0.364	0.048
-33.00	-0.748	0.338	0.038	-0.748	0.338	0.038
-32.00	-0.701	0.312	0.031	-0.701	0.312	0.031
-30.00	-0.621	0.266	0.020	-0.621	0.266	0.020
-28.00	-0.541	0.240	0.009	-0.541	0.240	0.009
-26.00	-0.469	0.217	-0.001	-0.469	0.217	-0.001
-24.00	-0.388	0.194	-0.011	-0.388	0.194	-0.011
-22.00	-0.316	0.173	-0.020	-0.316	0.173	-0.020
-20.00	-0.244	0.153	-0.029	-0.244	0.153	-0.029
-18.00	-0.164	0.136	-0.037	-0.164	0.136	-0.037
-16.00	-0.084	0.118	-0.045	-0.084	0.118	-0.045
-14.00	0.002	0.104	-0.051	0.002	0.104	-0.051
-12.00	0.088	0.089	-0.057	0.088	0.089	-0.057
-10.00	0.172	0.077	-0.060	0.172	0.077	-0.060
-8.00	0.256	0.066	-0.064	0.256	0.066	-0.064
-6.00	0.318	0.056	-0.061	0.318	0.056	-0.061
-4.00	0.380	0.047	-0.057	0.380	0.047	-0.057
-2.00	0.357	0.041	-0.035	0.357	0.041	-0.035
0.00	0.335	0.034	-0.013	0.335	0.034	-0.013
2.00	0.565	0.032	-0.049	0.565	0.032	-0.049
4.00	0.877	0.034	-0.089	0.877	0.034	-0.089
6.00	1.043	0.045	-0.112	1.043	0.045	-0.112
8.00	0.949	0.070	-0.121	0.949	0.070	-0.121
10.00	0.909	0.089	-0.138	0.909	0.089	-0.138
12.00	0.976	0.099	-0.159	0.976	0.099	-0.159
14.00	1.113	0.107	-0.182	1.113	0.107	-0.182
16.00	1.307	0.116	-0.207	1.307	0.116	-0.207
18.00	1.541	0.132	-0.232	1.541	0.132	-0.232
20.00	1.805	0.157	-0.257	1.805	0.157	-0.257
22.00	2.002	0.276	-0.281	2.002	0.276	-0.281
24.00	2.122	0.422	-0.306	2.122	0.422	-0.306
26.00	2.192	0.561	-0.329	2.192	0.561	-0.329
28.00	2.229	0.686	-0.352	2.229	0.686	-0.352
30.00	2.232	0.796	-0.371	2.232	0.796	-0.371
32.00	2.219	0.892	-0.388	2.219	0.892	-0.388
33.00	2.209	0.923	-0.385	2.209	0.923	-0.385
34.00	2.193	0.947	-0.381	2.193	0.947	-0.381
35.00	2.163	0.966	-0.375	2.163	0.966	-0.375
36.00	2.131	0.989	-0.369	2.131	0.989	-0.369
37.00	2.088	1.007	-0.363	2.088	1.007	-0.363
38.00	2.044	1.028	-0.357	2.044	1.028	-0.357
39.00	1.998	1.052	-0.350	1.998	1.052	-0.350
40.00	1.942	1.077	-0.344	1.942	1.077	-0.344
45.00	1.678	1.170	-0.323	1.678	1.170	-0.323
50.00	1.286	1.197	-0.304	1.286	1.197	-0.304
55.00	1.031	1.196	-0.295	1.031	1.196	-0.295
60.00	0.866	1.190	-0.287	0.866	1.190	-0.287
65.00	0.766	1.193	-0.277	0.766	1.193	-0.277
70.00	0.643	1.203	-0.265	0.643	1.203	-0.265
75.00	0.500	1.213	-0.252	0.500	1.213	-0.252
80.00	0.342	1.261	-0.246	0.342	1.261	-0.246
85.00	0.174	1.290	-0.249	0.174	1.290	-0.249
90.00	0.000	1.300	-0.250	0.000	1.300	-0.250
95.00	-0.174	1.290	-0.249	-0.174	1.290	-0.249
100.00	-0.342	1.261	-0.246	-0.342	1.261	-0.246
105.00	-0.500	1.213	-0.242	-0.500	1.213	-0.242
110.00	-0.643	1.148	-0.235	-0.643	1.148	-0.235
115.00	-0.766	1.068	-0.227	-0.766	1.068	-0.227
120.00	-0.866	0.975	-0.217	-0.866	0.975	-0.217
125.00	-0.940	0.872	-0.205	-0.940	0.872	-0.205
130.00	-0.985	0.763	-0.192	-0.985	0.763	-0.192
135.00	-1.000	0.650	-0.177	-1.000	0.650	-0.177
140.00	-0.985	0.537	-0.161	-0.985	0.537	-0.161
145.00	-0.940	0.428	-0.143	-0.940	0.428	-0.143
150.00	-0.866	0.325	-0.125	-0.866	0.325	-0.125
155.00	-0.766	0.232	-0.106	-0.766	0.232	-0.106
160.00	-0.643	0.152	-0.086	-0.643	0.152	-0.086
165.00	-0.500	0.087	-0.065	-0.500	0.087	-0.065
170.00	-0.342	0.039	-0.043	-0.342	0.039	-0.043
175.00	-0.174	0.010	-0.022	-0.174	0.010	-0.022
180.00	0.000	0.000	0.000	0.000	0.000	0.000

