2       !  NMACHB
0.00  0.80

105     !  NANGB 
-180.00	0.000	0.000	0.000	0.000	0.000	0.000
-175.00	0.174	0.011	0.022	0.174	0.011	0.022
-170.00	0.342	0.045	0.043	0.342	0.045	0.043
-165.00	0.500	0.101	0.065	0.500	0.101	0.065
-160.00	0.643	0.176	0.086	0.643	0.176	0.086
-155.00	0.766	0.268	0.106	0.766	0.268	0.106
-150.00	0.866	0.375	0.125	0.866	0.375	0.125
-145.00	0.940	0.494	0.143	0.940	0.494	0.143
-140.00	0.985	0.620	0.161	0.985	0.620	0.161
-135.00	1.000	0.750	0.177	1.000	0.750	0.177
-130.00	0.985	0.880	0.192	0.985	0.880	0.192
-125.00	0.940	1.007	0.205	0.940	1.007	0.205
-120.00	0.866	1.125	0.217	0.866	1.125	0.217
-115.00	0.766	1.232	0.227	0.766	1.232	0.227
-110.00	0.643	1.325	0.235	0.643	1.325	0.235
-105.00	0.500	1.400	0.242	0.500	1.400	0.242
-100.00	0.342	1.455	0.246	0.342	1.455	0.246
-95.00	0.174	1.489	0.249	0.174	1.489	0.249
-90.00	0.000	1.500	0.250	0.000	1.500	0.250
-85.00	-0.174	1.489	0.249	-0.174	1.489	0.249
-80.00	-0.342	1.455	0.246	-0.342	1.455	0.246
-75.00	-0.500	1.400	0.242	-0.500	1.400	0.242
-70.00	-0.643	1.325	0.235	-0.643	1.325	0.235
-65.00	-0.766	1.232	0.227	-0.766	1.232	0.227
-60.00	-0.866	1.125	0.217	-0.866	1.125	0.217
-55.00	-0.940	1.007	0.205	-0.940	1.007	0.205
-50.00	-0.985	0.880	0.192	-0.985	0.880	0.192
-45.00	-1.000	0.750	0.177	-1.000	0.750	0.177
-40.00	-1.032	0.609	0.142	-1.032	0.609	0.142
-39.00	-1.044	0.585	0.135	-1.044	0.585	0.135
-38.00	-1.046	0.552	0.128	-1.046	0.552	0.128
-37.00	-1.049	0.527	0.121	-1.049	0.527	0.121
-36.00	-1.051	0.494	0.114	-1.051	0.494	0.114
-35.00	-1.053	0.461	0.107	-1.053	0.461	0.107
-34.00	-1.055	0.428	0.089	-1.055	0.428	0.089
-33.00	-1.068	0.387	0.082	-1.068	0.387	0.082
-32.00	-1.073	0.335	0.066	-1.073	0.335	0.066
-30.00	-1.092	0.286	0.049	-1.092	0.286	0.049
-28.00	-1.101	0.228	0.031	-1.101	0.228	0.031
-26.00	-1.110	0.175	0.018	-1.110	0.175	0.018
-24.00	-1.129	0.142	0.005	-1.129	0.142	0.005
-22.00	-1.123	0.118	-0.003	-1.123	0.118	-0.003
-20.00	-1.117	0.094	-0.011	-1.117	0.094	-0.011
-18.00	-1.087	0.077	-0.014	-1.087	0.077	-0.014
-16.00	-1.057	0.060	-0.018	-1.057	0.060	-0.018
-14.00	-1.024	0.047	-0.017	-1.024	0.047	-0.017
-12.00	-0.991	0.034	-0.017	-0.991	0.034	-0.017
-10.00	-0.859	0.024	-0.028	-0.859	0.024	-0.028
-8.00	-0.728	0.015	-0.039	-0.728	0.015	-0.039
-6.00	-0.469	0.013	-0.053	-0.469	0.013	-0.053
-4.00	-0.210	0.010	-0.067	-0.210	0.010	-0.067
-2.00	0.043	0.010	-0.074	0.043	0.010	-0.074
0.00	0.296	0.010	-0.082	0.296	0.010	-0.082
2.00	0.544	0.010	-0.087	0.544	0.010	-0.087
4.00	0.787	0.010	-0.092	0.787	0.010	-0.092
6.00	1.023	0.011	-0.096	1.023	0.011	-0.096
8.00	1.247	0.013	-0.098	1.247	0.013	-0.098
10.00	1.458	0.015	-0.098	1.458	0.015	-0.098
12.00	1.642	0.018	-0.095	1.642	0.018	-0.095
14.00	1.782	0.023	-0.089	1.782	0.023	-0.089
16.00	1.817	0.036	-0.082	1.817	0.036	-0.082
18.00	1.776	0.065	-0.079	1.776	0.065	-0.079
20.00	1.661	0.102	-0.085	1.661	0.102	-0.085
22.00	1.566	0.141	-0.096	1.566	0.141	-0.096
24.00	1.479	0.181	-0.107	1.479	0.181	-0.107
26.00	1.410	0.236	-0.122	1.410	0.236	-0.122
28.00	1.340	0.300	-0.136	1.340	0.300	-0.136
30.00	1.296	0.364	-0.152	1.296	0.364	-0.152
32.00	1.241	0.438	-0.168	1.241	0.438	-0.168
33.00	1.211	0.475	-0.177	1.211	0.475	-0.177
34.00	1.183	0.508	-0.181	1.183	0.508	-0.181
35.00	1.164	0.541	-0.185	1.164	0.541	-0.185
36.00	1.135	0.574	-0.189	1.135	0.574	-0.189
37.00	1.117	0.598	-0.193	1.117	0.598	-0.193
38.00	1.098	0.630	-0.197	1.098	0.630	-0.197
39.00	1.079	0.654	-0.200	1.079	0.654	-0.200
40.00	1.060	0.678	-0.204	1.060	0.678	-0.204
45.00	1.004	0.796	-0.213	1.004	0.796	-0.213
50.00	0.976	0.896	-0.218	0.976	0.896	-0.218
55.00	0.921	1.010	-0.221	0.921	1.010	-0.221
60.00	0.866	1.125	-0.226	0.866	1.125	-0.226
65.00	0.766	1.232	-0.231	0.766	1.232	-0.231
70.00	0.643	1.325	-0.235	0.643	1.325	-0.235
75.00	0.500	1.400	-0.242	0.500	1.400	-0.242
80.00	0.342	1.455	-0.246	0.342	1.455	-0.246
85.00	0.174	1.489	-0.249	0.174	1.489	-0.249
90.00	0.000	1.500	-0.250	0.000	1.500	-0.250
95.00	-0.174	1.489	-0.249	-0.174	1.489	-0.249
100.00	-0.342	1.455	-0.246	-0.342	1.455	-0.246
105.00	-0.500	1.400	-0.242	-0.500	1.400	-0.242
110.00	-0.643	1.325	-0.235	-0.643	1.325	-0.235
115.00	-0.766	1.232	-0.227	-0.766	1.232	-0.227
120.00	-0.866	1.125	-0.217	-0.866	1.125	-0.217
125.00	-0.940	1.007	-0.205	-0.940	1.007	-0.205
130.00	-0.985	0.880	-0.192	-0.985	0.880	-0.192
135.00	-1.000	0.750	-0.177	-1.000	0.750	-0.177
140.00	-0.985	0.620	-0.161	-0.985	0.620	-0.161
145.00	-0.940	0.494	-0.143	-0.940	0.494	-0.143
150.00	-0.866	0.375	-0.125	-0.866	0.375	-0.125
155.00	-0.766	0.268	-0.106	-0.766	0.268	-0.106
160.00	-0.643	0.176	-0.086	-0.643	0.176	-0.086
165.00	-0.500	0.101	-0.065	-0.500	0.101	-0.065
170.00	-0.342	0.045	-0.043	-0.342	0.045	-0.043
175.00	-0.174	0.011	-0.022	-0.174	0.011	-0.022
180.00	0.000	0.000	0.000	0.000	0.000	0.000

